classified unique 2279
47 (0, 48, '0x1', 48, 1)
45 (114, 46, '0xffffffffffffff00', 46, 18446744073709551360)
31 (0, 76, '0x1', 76, 1)
31 (0, 49, '0x1', 49, 1)
30 (0, 77, '0x1f', 77, 31)
30 (0, 42, '0x1', 42, 1)
30 (114, 40, '0xffffffffffffff00', 40, 18446744073709551360)
30 (0, 51, '0x1', 51, 1)
30 (114, 74, '0xffffffffffffff00', 74, 18446744073709551360)
30 (0, 41, '0x1', 41, 1)
30 (0, 52, '0x1', 52, 1)
27 (51, '0xd957', 51, 41, 40, ['and'], 4294967223, 18446744073709551360, 4294967040)
17 (0, 77, '0x1', 77, 1)
16 (0, 80, '0x1', 80, 1)
16 (0, 79, '0x1', 79, 1)
16 (0, 74, '0x0', 74, 0)
16 (114, 49, '0xffffffffffffff00', 49, 18446744073709551360)
15 (0, 73, '0x51', 73, 81)
15 (73, '0x9f91', 74, 72, 73, ['add'], 4305179184, 81, 4305179265)
15 (0, 72, '0x42', 72, 66)
15 (0, 74, '0x42', 74, 66)
15 (0, 74, '0xf', 74, 15)
15 (0, 74, '0x1', 74, 1)
15 (114, 47, '0xffffffffffffff00', 47, 18446744073709551360)
15 (94, '0x86d7', 48, 51, 47, ['add', 'xor', 'or'], 0, 95, 95)
15 (0, 48, '0x10', 48, 16)
15 (0, 47, '0x2', 47, 2)
15 (0, 50, '0x1f', 50, 31)
15 (0, 51, '0x33', 51, 51)
15 (73, '0x9f91', 48, 46, 51, ['add'], 4305179184, 51, 4305179235)
15 (0, 46, '0x33', 46, 51)
15 (73, '0x94a5', 47, 51, 46, ['add'], 4305179184, 51, 4305179235)
15 (0, 49, '0x3d', 49, 61)
15 (114, 48, '0xffffffffffffff8b', 48, 18446744073709551499)
15 (114, 79, '0xffffffffffffff00', 79, 18446744073709551360)
15 (0, 76, '0x3', 76, 3)
15 (114, 75, '0xffffffffffffff00', 75, 18446744073709551360)
15 (73, '0x94a5', 75, 77, 42, ['add'], 51, 41, 92)
15 (94, '0x86d7', 80, 51, 40, ['add', 'xor', 'or'], 4294967040, 16, 4294967056)
15 (73, '0x9f91', 40, 80, 71, ['add'], 4294967056, 4294967223, 8589934279)
15 (73, '0x9f91', 80, 73, 77, ['add'], 4284755357, 4305179249, 8589934606)
15 (0, 75, '0x1f', 75, 31)
15 (114, 42, '0xffffffffffffff00', 42, 18446744073709551360)
15 (73, '0x82d5', 42, 75, 55, ['add'], 221, 19, 240)
15 (0, 55, '0x8', 55, 8)
15 (0, 55, '0x1', 55, 1)
15 (73, '0x9f91', 74, 49, 73, ['add'], 119, 78, 197)
15 (73, '0x9f91', 49, 46, 78, ['add'], 4284755357, 4305179249, 8589934606)
15 (114, 72, '0xffffffffffffff00', 72, 18446744073709551360)
15 (51, '0xf137', 77, 79, 72, ['and'], 4294967213, 18446744073709551360, 4294967040)
15 (94, '0x86d7', 78, 77, 72, ['add', 'xor', 'or'], 4294967040, 250, 4294967290)
15 (0, 79, '0x1f', 79, 31)
15 (114, 50, '0xffffffffffffff00', 50, 18446744073709551360)
15 (51, '0xf137', 72, 78, 50, ['and'], 4294967290, 18446744073709551360, 4294967040)
15 (94, '0xea6d', 79, 72, 50, ['add', 'xor', 'or'], 4294967040, 245, 4294967285)
15 (73, '0x82d5', 50, 79, 58, ['add'], 4294967285, 4294967213, 8589934498)
15 (0, 58, '0xf', 58, 15)
15 (73, '0x82d5', 72, 50, 58, ['add'], 8589934498, 15, 8589934513)
15 (0, 58, '0x1', 58, 1)
15 (73, '0x94a5', 76, 72, 42, ['add'], 4284755357, 4305179249, 8589934606)
15 (114, 80, '0xffffffffffffff00', 80, 18446744073709551360)
15 (0, 78, '0x1', 78, 1)
15 (114, 71, '0xffffffffffffff00', 71, 18446744073709551360)
15 (73, '0x9f91', 71, 77, 60, ['add'], 37, 109, 146)
15 (0, 60, '0x16', 60, 22)
15 (0, 60, '0x1', 60, 1)
15 (73, '0x9f91', 74, 48, 72, ['add'], 58, 13, 71)
15 (73, '0x94a5', 48, 80, 50, ['add'], 4284755357, 4305179249, 8589934606)
15 (51, '0xd957', 42, 78, 49, ['and'], 4294967271, 18446744073709551360, 4294967040)
15 (94, '0x86d7', 50, 42, 49, ['add', 'xor', 'or'], 4294967040, 74, 4294967114)
15 (0, 42, '0x2', 42, 2)
15 (0, 78, '0x1f', 78, 31)
15 (114, 73, '0xffffffffffffff00', 73, 18446744073709551360)
15 (51, '0xf137', 49, 50, 73, ['and'], 4294967114, 18446744073709551360, 4294967040)
15 (94, '0x86d7', 78, 49, 73, ['add', 'xor', 'or'], 4294967040, 41, 4294967081)
15 (73, '0x9f91', 73, 78, 52, ['add'], 4294967081, 4294967271, 8589934352)
15 (0, 52, '0x1d', 52, 29)
15 (114, 41, '0xffffffffffffff00', 41, 18446744073709551360)
15 (51, '0xf137', 45, 51, 41, ['and'], 4294967284, 18446744073709551360, 4294967040)
15 (94, '0x86d7', 40, 45, 41, ['add', 'xor', 'or'], 4294967040, 145, 4294967185)
15 (73, '0x9f91', 41, 40, 71, ['add'], 4294967185, 4294967284, 8589934469)
15 (0, 40, '0x1', 40, 1)
15 (73, '0x82d5', 40, 78, 73, ['add'], 4284755357, 4305179249, 8589934606)
15 (0, 45, '0x1', 45, 1)
15 (0, 49, '0x33', 49, 51)
15 (73, '0xcf19', 52, 60, 49, ['add'], 4305179184, 51, 4305179235)
15 (0, 49, '0xf', 49, 15)
14 (73, '0xcf19', 72, 42, 44, ['add', 'xor', 'or'], 4305179184, 1, 4305179185)
14 (73, '0x94a5', 74, 42, 44, ['add', 'xor', 'or'], 4305179184, 1, 4305179185)
14 (73, '0x94a5', 72, 42, 44, ['add', 'xor', 'or'], 4305179184, 1, 4305179185)
14 (51, '0xf137', 51, 50, 47, ['and'], 4294967265, 18446744073709551360, 4294967040)
14 (51, '0xd957', 51, 48, 46, ['and'], 4294967219, 18446744073709551360, 4294967040)
14 (94, '0xea6d', 50, 51, 46, ['add', 'xor', 'or'], 4294967040, 206, 4294967246)
14 (73, '0xcf19', 46, 79, 40, ['add', 'xor', 'or'], 4305179184, 1, 4305179185)
14 (73, '0x82d5', 51, 79, 40, ['add', 'xor', 'or'], 4305179184, 1, 4305179185)
14 (147, '0xedbb', 78, 75, 51, ['sub'], 4305179236, 4305179250, 18446744073709551602)
14 (0, 40, '0x0', 40, 0)
14 (94, '0xea6d', 77, 79, 46, ['add', 'xor', 'or'], 0, 187, 187)
14 (147, '0xedbb', 77, 42, 59, ['sub'], 4305179236, 4305179250, 18446744073709551602)
14 (94, '0xea6d', 49, 41, 74, ['add', 'xor', 'or'], 0, 119, 119)
14 (147, '0xd211', 78, 50, 59, ['sub'], 4305179236, 4305179250, 18446744073709551602)
14 (73, '0xcf19', 40, 76, 46, ['add'], 112, 43, 155)
14 (94, '0x86d7', 42, 78, 80, ['add', 'xor', 'or'], 0, 74, 74)
14 (73, '0xcf19', 80, 71, 60, ['add'], 146, 22, 168)
14 (147, '0xd211', 42, 71, 59, ['sub'], 4305179236, 4305179250, 18446744073709551602)
14 (147, '0xd211', 50, 73, 59, ['sub'], 4305179236, 4305179250, 18446744073709551602)
14 (51, '0xf137', 52, 49, 46, ['and', 'eq', 'gt', 'ge'], 73, 18446744073709551360, 0)
14 (73, '0x82d5', 60, 72, 48, ['add', 'xor', 'or'], 4305179184, 1, 4305179185)
13 (147, '0xedbb', 76, 75, 74, ['sub'], 1, 15, 18446744073709551602)
13 (51, '0xf137', 79, 75, 46, ['and'], 364, 18446744073709551360, 256)
13 (51, '0xf137', 46, 77, 42, ['and'], 289, 18446744073709551360, 256)
13 (94, '0xea6d', 75, 46, 42, ['add', 'xor', 'or'], 256, 144, 400)
13 (94, '0x86d7', 76, 51, 40, ['add', 'xor', 'or'], 0, 8, 8)
13 (51, '0xd957', 78, 77, 80, ['and'], 366, 18446744073709551360, 256)
13 (51, '0xf137', 80, 42, 71, ['and'], 334, 18446744073709551360, 256)
13 (94, '0x86d7', 77, 80, 71, ['add', 'xor', 'or'], 256, 39, 295)
13 (73, '0x82d5', 49, 73, 52, ['add'], 8589934352, 29, 8589934381)
13 (94, '0x86d7', 60, 52, 46, ['add', 'xor', 'or'], 0, 4, 4)
13 (147, '0xd211', 52, 46, 49, ['sub'], 1, 15, 18446744073709551602)
12 (51, '0xd957', 76, 77, 79, ['and'], 364, 18446744073709551360, 256)
